376 229
376 254
379 280
384 306
394 330
411 352
431 369
453 383
481 384
511 379
541 365
568 348
589 324
598 296
600 263
600 232
598 200
377 187
385 171
402 165
421 165
440 171
475 170
498 163
521 159
543 161
563 172
459 189
459 207
458 225
457 245
446 263
455 265
466 267
477 262
488 258
399 206
408 194
422 192
435 199
422 202
410 204
501 195
513 186
527 186
539 194
527 196
514 197
432 305
446 297
460 290
472 290
484 286
505 287
526 292
508 302
490 308
477 311
465 312
450 314
438 305
462 299
474 298
486 295
519 294
487 297
474 300
463 301
