1244 323
1241 366
1244 410
1252 453
1265 495
1286 533
1315 566
1348 590
1383 598
1417 594
1449 570
1476 540
1497 506
1513 469
1523 431
1528 392
1529 353
1279 324
1301 306
1332 304
1362 311
1391 320
1418 322
1444 319
1471 319
1497 328
1509 350
1402 344
1401 371
1400 398
1399 426
1363 436
1378 445
1395 451
1411 447
1427 441
1312 336
1329 329
1346 331
1362 345
1344 345
1326 344
1428 354
1444 342
1462 344
1477 353
1462 358
1444 357
1344 492
1360 480
1379 476
1393 481
1409 478
1423 485
1433 499
1420 513
1406 520
1389 520
1374 517
1357 508
1353 491
1377 489
1392 491
1407 490
1424 496
1407 500
1391 502
1377 499
