504 160
505 186
506 211
509 236
515 260
529 281
548 298
571 310
598 314
624 312
645 300
661 285
672 264
678 242
682 220
686 197
689 174
526 144
538 129
557 125
576 128
594 136
620 137
637 133
655 134
671 141
678 158
608 153
608 168
609 183
609 199
583 211
594 214
605 218
615 216
625 215
545 157
556 151
568 151
578 159
567 160
555 160
629 164
642 159
653 160
662 169
652 169
641 168
560 244
574 234
590 231
602 235
615 234
629 240
640 252
627 263
613 267
599 266
586 263
571 255
565 244
589 238
602 240
615 241
635 251
614 255
600 255
587 252
